os : Raspbian
cpu : ARM Cortex-A7 4-Core @ 900 MHz
main memory : 1GB

=== P-norm IPE Performance Measurement ===
+ Details for 100times

N=16, M=4, P=6
0.0000000000,0.000109012,0.000064532,0.183496243,0.096137608,0.0000000000
0.0000000000,0.000093438,0.000059636,0.188900346,0.094356344,0.0000000000
0.0000000000,0.000092292,0.000059219,0.183310877,0.095681038,0.0000000000
0.0000000000,0.000101980,0.000057136,0.185040672,0.095622443,0.0000000000
0.0000000000,0.000100001,0.000058698,0.183942174,0.094031754,0.0000000000
0.0000000000,0.000098438,0.000057188,0.183724673,0.094637228,0.0000000000
0.0000000000,0.000099688,0.000056875,0.184172745,0.113493823,0.0000000000
0.0000000000,0.000102397,0.000058125,0.184226647,0.094013156,0.0000000000
0.0000000000,0.000099897,0.000055833,0.184233835,0.093873831,0.0000000000
0.0000000000,0.000098647,0.000055626,0.183141275,0.093313096,0.0000000000
0.0000000000,0.000107241,0.000064584,0.184854143,0.095443370,0.0000000000
0.0000000000,0.000108439,0.000064531,0.184754976,0.095034200,0.0000000000
0.0000000000,0.000108282,0.000064427,0.185644878,0.095175295,0.0000000000
0.0000000000,0.000109167,0.000063229,0.209556198,0.095145238,0.0000000000
0.0000000000,0.000114219,0.000052709,0.186061122,0.092603761,0.0000000000
0.0000000000,0.000100470,0.000047865,0.184423870,0.092557876,0.0000000000
0.0000000000,0.000100105,0.000049428,0.182657086,0.092577614,0.0000000000
0.0000000000,0.000091459,0.000051928,0.183057393,0.093274073,0.0000000000
0.0000000000,0.000091407,0.000052136,0.183062392,0.093133447,0.0000000000
0.0000000000,0.000089896,0.000052084,0.190803804,0.093872464,0.0000000000
0.0000000000,0.000093073,0.000052761,0.183034942,0.093417873,0.0000000000
0.0000000000,0.000109220,0.000056980,0.184366508,0.093888240,0.0000000000
0.0000000000,0.000109064,0.000058177,0.185092607,0.094162201,0.0000000000
0.0000000000,0.000113438,0.000058386,0.184336299,0.094286368,0.0000000000
0.0000000000,0.000107917,0.000057240,0.185068380,0.093980059,0.0000000000
0.0000000000,0.000095157,0.000056772,0.183926600,0.093383388,0.0000000000
0.0000000000,0.000094272,0.000057552,0.182603882,0.093301200,0.0000000000
0.0000000000,0.000094167,0.000057292,0.182305390,0.093630625,0.0000000000
0.0000000000,0.000098074,0.000052813,0.184576075,0.094229380,0.0000000000
0.0000000000,0.000099480,0.000052657,0.183296431,0.094324745,0.0000000000
0.0000000000,0.000096511,0.000052813,0.183286951,0.094467871,0.0000000000
0.0000000000,0.000098282,0.000051563,0.182368085,0.093754372,0.0000000000
0.0000000000,0.000112292,0.000085052,0.186923635,0.093735726,0.0000000000
0.0000000000,0.000100052,0.000053647,0.183777311,0.093984582,0.0000000000
0.0000000000,0.000099064,0.000053698,0.183095430,0.093744890,0.0000000000
0.0000000000,0.000103543,0.000054427,0.183648759,0.092883319,0.0000000000
0.0000000000,0.000101772,0.000054636,0.183912980,0.093519938,0.0000000000
0.0000000000,0.000102501,0.000054219,0.183399382,0.093964056,0.0000000000
0.0000000000,0.000101407,0.000054063,0.186676694,0.093715561,0.0000000000
0.0000000000,0.000108126,0.000057917,0.183641615,0.093670768,0.0000000000
0.0000000000,0.000103907,0.000056875,0.184266984,0.093092587,0.0000000000
0.0000000000,0.000102396,0.000057083,0.183501926,0.093509465,0.0000000000
0.0000000000,0.000105209,0.000060781,0.184441716,0.094504624,0.0000000000
0.0000000000,0.000105625,0.000060313,0.183960931,0.095063065,0.0000000000
0.0000000000,0.000105521,0.000060365,0.184322809,0.094494623,0.0000000000
0.0000000000,0.000104376,0.000060730,0.185324429,0.094547224,0.0000000000
0.0000000000,0.000097188,0.000062136,0.183191802,0.095230718,0.0000000000
0.0000000000,0.000094740,0.000062813,0.183826390,0.094746288,0.0000000000
0.0000000000,0.000097032,0.000061615,0.184156705,0.095082749,0.0000000000
0.0000000000,0.000094219,0.000062188,0.183173357,0.094295968,0.0000000000
0.0000000000,0.000107448,0.000091407,0.188439799,0.094568626,0.0000000000
0.0000000000,0.000094220,0.000059584,0.182258245,0.094845034,0.0000000000
0.0000000000,0.000092448,0.000059167,0.183235335,0.095012583,0.0000000000
0.0000000000,0.000104063,0.000056355,0.184884870,0.093546531,0.0000000000
0.0000000000,0.000101251,0.000056719,0.184407418,0.093792157,0.0000000000
0.0000000000,0.000102969,0.000056824,0.184078249,0.093507989,0.0000000000
0.0000000000,0.000102032,0.000056875,0.183079331,0.093689496,0.0000000000
0.0000000000,0.000109637,0.000059115,0.184311159,0.094258302,0.0000000000
0.0000000000,0.000106146,0.000058490,0.184732516,0.094045540,0.0000000000
0.0000000000,0.000109376,0.000058802,0.184731787,0.094349916,0.0000000000
0.0000000000,0.000094792,0.000056824,0.184365994,0.094486893,0.0000000000
0.0000000000,0.000094428,0.000056824,0.183856928,0.093727304,0.0000000000
0.0000000000,0.000096668,0.000057031,0.184332504,0.096948576,0.0000000000
0.0000000000,0.000096771,0.000057135,0.182176445,0.118390070,0.0000000000
0.0000000000,0.000103334,0.000058021,0.183919732,0.094663556,0.0000000000
0.0000000000,0.000099688,0.000057448,0.183056810,0.097509929,0.0000000000
0.0000000000,0.000100053,0.000058125,0.183819263,0.094576524,0.0000000000
0.0000000000,0.000100313,0.000060677,0.184210767,0.094062038,0.0000000000
0.0000000000,0.000101927,0.000061563,0.183969359,0.093614639,0.0000000000
0.0000000000,0.000100470,0.000060729,0.182854769,0.094732979,0.0000000000
0.0000000000,0.000100730,0.000060886,0.182922163,0.094166825,0.0000000000
0.0000000000,0.000105001,0.000049011,0.184430760,0.094325368,0.0000000000
0.0000000000,0.000102084,0.000048334,0.183972007,0.094016721,0.0000000000
0.0000000000,0.000103021,0.000048438,0.184608105,0.094259846,0.0000000000
0.0000000000,0.000104324,0.000049219,0.183082463,0.094302707,0.0000000000
0.0000000000,0.000092449,0.000058907,0.181893703,0.094006976,0.0000000000
0.0000000000,0.000092241,0.000058750,0.184109759,0.094426510,0.0000000000
0.0000000000,0.000094897,0.000058490,0.182336362,0.093938222,0.0000000000
0.0000000000,0.000089688,0.000056719,0.182248697,0.093910200,0.0000000000
0.0000000000,0.000089480,0.000057240,0.181327232,0.093486499,0.0000000000
0.0000000000,0.000086771,0.000056875,0.182758075,0.093627542,0.0000000000
0.0000000000,0.000088178,0.000056614,0.181677596,0.096270471,0.0000000000
0.0000000000,0.000104845,0.000056198,0.183642395,0.093497380,0.0000000000
0.0000000000,0.000102448,0.000056824,0.182314158,0.093327483,0.0000000000
0.0000000000,0.000102553,0.000055313,0.183562291,0.093414723,0.0000000000
0.0000000000,0.000085626,0.000054271,0.182932069,0.094164828,0.0000000000
0.0000000000,0.000084375,0.000053177,0.181226851,0.094419205,0.0000000000
0.0000000000,0.000090365,0.000056719,0.183597855,0.094171547,0.0000000000
0.0000000000,0.000084584,0.000053699,0.181468882,0.094125709,0.0000000000
0.0000000000,0.000102709,0.000058282,0.183497637,0.094516024,0.0000000000
0.0000000000,0.000101927,0.000060053,0.183912744,0.094139146,0.0000000000
0.0000000000,0.000102917,0.000058438,0.182858571,0.093485966,0.0000000000
0.0000000000,0.000100470,0.000058490,0.183499038,0.096228270,0.0000000000
0.0000000000,0.000103022,0.000059531,0.183111116,0.094834199,0.0000000000
0.0000000000,0.000096355,0.000060573,0.181957359,0.094559875,0.0000000000
0.0000000000,0.000097657,0.000059688,0.183581900,0.094579246,0.0000000000
0.0000000000,0.000106251,0.000064115,0.184653565,0.095228259,0.0000000000
0.0000000000,0.000108021,0.000064636,0.183897051,0.095215083,0.0000000000
0.0000000000,0.000109167,0.000063646,0.185848313,0.095602845,0.0000000000
0.0000000000,0.000109688,0.000064220,0.184094079,0.095325443,0.0000000000

N=16, M=8, P=6
0.0000000000,0.000112761,0.000065469,0.183488806,0.096138517,0.0000000000
0.0000000000,0.000112605,0.000063490,0.184725320,0.094444652,0.0000000000
0.0000000000,0.000110625,0.000063490,0.184944123,0.094605695,0.0000000000
0.0000000000,0.000109480,0.000064115,0.184258389,0.094966633,0.0000000000
0.0000000000,0.000102188,0.000067188,0.184070307,0.094475012,0.0000000000
0.0000000000,0.000097292,0.000064428,0.182111702,0.094564440,0.0000000000
0.0000000000,0.000098073,0.000065574,0.186012715,0.094306730,0.0000000000
0.0000000000,0.000097188,0.000064896,0.182752328,0.094009745,0.0000000000
0.0000000000,0.000100105,0.000064271,0.184645198,0.095385482,0.0000000000
0.0000000000,0.000100990,0.000063906,0.182315132,0.095536264,0.0000000000
0.0000000000,0.000101251,0.000065678,0.184546291,0.095058032,0.0000000000
0.0000000000,0.000099323,0.000064167,0.183429401,0.099065500,0.0000000000
0.0000000000,0.000108543,0.000062292,0.185149047,0.094854485,0.0000000000
0.0000000000,0.000109532,0.000062709,0.183526016,0.094503076,0.0000000000
0.0000000000,0.000109011,0.000062865,0.184270291,0.093956455,0.0000000000
0.0000000000,0.000110157,0.000064167,0.186296181,0.094217706,0.0000000000
0.0000000000,0.000108907,0.000063229,0.185529301,0.094239113,0.0000000000
0.0000000000,0.000109949,0.000063855,0.189655680,0.094580625,0.0000000000
0.0000000000,0.000111459,0.000063073,0.185463669,0.094188847,0.0000000000
0.0000000000,0.000109741,0.000061146,0.185128925,0.094876716,0.0000000000
0.0000000000,0.000111927,0.000061251,0.183953294,0.094999478,0.0000000000
0.0000000000,0.000110834,0.000061615,0.183786677,0.094816818,0.0000000000
0.0000000000,0.000111772,0.000070157,0.185924234,0.095384371,0.0000000000
0.0000000000,0.000112970,0.000072448,0.184645893,0.095818853,0.0000000000
0.0000000000,0.000110417,0.000069584,0.183944014,0.095570153,0.0000000000
0.0000000000,0.000110365,0.000069949,0.185349071,0.095679733,0.0000000000
0.0000000000,0.000109428,0.000062604,0.183136240,0.094600039,0.0000000000
0.0000000000,0.000109532,0.000062605,0.183911713,0.096498384,0.0000000000
0.0000000000,0.000111771,0.000062344,0.185085835,0.094118629,0.0000000000
0.0000000000,0.000109532,0.000063854,0.185731455,0.095024517,0.0000000000
0.0000000000,0.000111875,0.000063489,0.184653376,0.094815609,0.0000000000
0.0000000000,0.000113334,0.000064636,0.186053384,0.095374518,0.0000000000
0.0000000000,0.000110574,0.000062969,0.185721245,0.095007845,0.0000000000
0.0000000000,0.000109740,0.000066771,0.185483061,0.095547744,0.0000000000
0.0000000000,0.000111927,0.000066615,0.184511336,0.095434619,0.0000000000
0.0000000000,0.000109480,0.000067187,0.184681076,0.095011543,0.0000000000
0.0000000000,0.000110261,0.000067032,0.183374081,0.095066383,0.0000000000
0.0000000000,0.000108907,0.000068907,0.183719499,0.095162946,0.0000000000
0.0000000000,0.000108751,0.000068542,0.186561495,0.095190706,0.0000000000
0.0000000000,0.000109011,0.000068698,0.185474718,0.094727731,0.0000000000
0.0000000000,0.000102397,0.000101980,0.184095483,0.095374870,0.0000000000
0.0000000000,0.000103803,0.000067553,0.183508084,0.095744976,0.0000000000
0.0000000000,0.000106615,0.000070104,0.185067728,0.095374870,0.0000000000
0.0000000000,0.000103542,0.000066876,0.184598761,0.097763004,0.0000000000
0.0000000000,0.000103282,0.000066407,0.184511571,0.094767102,0.0000000000
0.0000000000,0.000100157,0.000066823,0.182843592,0.094799238,0.0000000000
0.0000000000,0.000098490,0.000067448,0.183393492,0.095680125,0.0000000000
0.0000000000,0.000108073,0.000068022,0.184541407,0.095103349,0.0000000000
0.0000000000,0.000106146,0.000067292,0.185929956,0.095105277,0.0000000000
0.0000000000,0.000111146,0.000067188,0.186251469,0.094685378,0.0000000000
0.0000000000,0.000109688,0.000066407,0.184902966,0.095350429,0.0000000000
0.0000000000,0.000107188,0.000066719,0.183263162,0.095041210,0.0000000000
0.0000000000,0.000108073,0.000067084,0.184699732,0.094691416,0.0000000000
0.0000000000,0.000109115,0.000067396,0.184716972,0.095227876,0.0000000000
0.0000000000,0.000102917,0.000064167,0.186261347,0.095156727,0.0000000000
0.0000000000,0.000103542,0.000063282,0.183539717,0.095167717,0.0000000000
0.0000000000,0.000102657,0.000063855,0.183982794,0.095781834,0.0000000000
0.0000000000,0.000101615,0.000063959,0.184096645,0.094744532,0.0000000000
0.0000000000,0.000108699,0.000062188,0.184091484,0.094309686,0.0000000000
0.0000000000,0.000110209,0.000062136,0.185218000,0.097027045,0.0000000000
0.0000000000,0.000112657,0.000062917,0.184424610,0.094006195,0.0000000000
0.0000000000,0.000111147,0.000064063,0.184182153,0.094714997,0.0000000000
0.0000000000,0.000106198,0.000062084,0.184520331,0.094210880,0.0000000000
0.0000000000,0.000105678,0.000062136,0.184522519,0.094349057,0.0000000000
0.0000000000,0.000106146,0.000061719,0.183090948,0.093779675,0.0000000000
0.0000000000,0.000100886,0.000063021,0.185173400,0.094349053,0.0000000000
0.0000000000,0.000101407,0.000062344,0.182995471,0.094719888,0.0000000000
0.0000000000,0.000100470,0.000062761,0.182969586,0.094198740,0.0000000000
0.0000000000,0.000100886,0.000061823,0.183943179,0.094772645,0.0000000000
0.0000000000,0.000102552,0.000065990,0.184499065,0.095102751,0.0000000000
0.0000000000,0.000105574,0.000065053,0.184952870,0.095247127,0.0000000000
0.0000000000,0.000105626,0.000066198,0.184699066,0.094911810,0.0000000000
0.0000000000,0.000101875,0.000061667,0.183329467,0.094372951,0.0000000000
0.0000000000,0.000103646,0.000061980,0.182525296,0.094768682,0.0000000000
0.0000000000,0.000104688,0.000062083,0.183976971,0.094737849,0.0000000000
0.0000000000,0.000103282,0.000061823,0.183683424,0.094898835,0.0000000000
0.0000000000,0.000118803,0.000064897,0.184966551,0.094328468,0.0000000000
0.0000000000,0.000108021,0.000064740,0.183635242,0.094443364,0.0000000000
0.0000000000,0.000106615,0.000064480,0.183806440,0.094236539,0.0000000000
0.0000000000,0.000106199,0.000066667,0.184952584,0.095989878,0.0000000000
0.0000000000,0.000123542,0.000071303,0.185583265,0.095554355,0.0000000000
0.0000000000,0.000104532,0.000066458,0.185020970,0.095485188,0.0000000000
0.0000000000,0.000105001,0.000066979,0.184089557,0.094952212,0.0000000000
0.0000000000,0.000109532,0.000060365,0.185502527,0.095533101,0.0000000000
0.0000000000,0.000111459,0.000061407,0.184028769,0.094499241,0.0000000000
0.0000000000,0.000108386,0.000060574,0.185905186,0.094693409,0.0000000000
0.0000000000,0.000110261,0.000061719,0.185304654,0.094989709,0.0000000000
0.0000000000,0.000112136,0.000063125,0.184588868,0.095204710,0.0000000000
0.0000000000,0.000108907,0.000063386,0.183991677,0.095083459,0.0000000000
0.0000000000,0.000108855,0.000063281,0.184196939,0.094461160,0.0000000000
0.0000000000,0.000108438,0.000058698,0.184422088,0.094929287,0.0000000000
0.0000000000,0.000109167,0.000059220,0.183716043,0.094485691,0.0000000000
0.0000000000,0.000107240,0.000060001,0.185111987,0.094715641,0.0000000000
0.0000000000,0.000106927,0.000059636,0.185587661,0.094275478,0.0000000000
0.0000000000,0.000101667,0.000060209,0.183942494,0.094680220,0.0000000000
0.0000000000,0.000099636,0.000060260,0.182814312,0.094026830,0.0000000000
0.0000000000,0.000101094,0.000060156,0.183893849,0.093793910,0.0000000000
0.0000000000,0.000104948,0.000061928,0.183771913,0.093808283,0.0000000000
0.0000000000,0.000115886,0.000065313,0.184191811,0.094925685,0.0000000000
0.0000000000,0.000106823,0.000061563,0.184399416,0.094516933,0.0000000000

N=16, M=12, P=6
0.0000000000,0.000111094,0.000070105,0.183975082,0.094225834,0.0000000000
0.0000000000,0.000104115,0.000063803,0.184379717,0.094554321,0.0000000000
0.0000000000,0.000107605,0.000068490,0.182856371,0.095220105,0.0000000000
0.0000000000,0.000110000,0.000068750,0.182794600,0.095361929,0.0000000000
0.0000000000,0.000108647,0.000068073,0.182701110,0.095178594,0.0000000000
0.0000000000,0.000105521,0.000065678,0.183636315,0.094782651,0.0000000000
0.0000000000,0.000106772,0.000064635,0.183200636,0.093962335,0.0000000000
0.0000000000,0.000103907,0.000065052,0.184623298,0.094441399,0.0000000000
0.0000000000,0.000104896,0.000065365,0.184557620,0.094416083,0.0000000000
0.0000000000,0.000105157,0.000065313,0.183897506,0.094315197,0.0000000000
0.0000000000,0.000106719,0.000065417,0.184566207,0.095278378,0.0000000000
0.0000000000,0.000105521,0.000066354,0.185009386,0.095812965,0.0000000000
0.0000000000,0.000105365,0.000065573,0.185836624,0.094914988,0.0000000000
0.0000000000,0.000108178,0.000063699,0.185582611,0.094887800,0.0000000000
0.0000000000,0.000116667,0.000067969,0.186783346,0.094626860,0.0000000000
0.0000000000,0.000105157,0.000063646,0.184209999,0.094618472,0.0000000000
0.0000000000,0.000107553,0.000059531,0.184284523,0.094409460,0.0000000000
0.0000000000,0.000110157,0.000059219,0.184929578,0.094652846,0.0000000000
0.0000000000,0.000106615,0.000060313,0.185150100,0.094238261,0.0000000000
0.0000000000,0.000106876,0.000061042,0.183812329,0.094147996,0.0000000000
0.0000000000,0.000101146,0.000069063,0.184162014,0.095178157,0.0000000000
0.0000000000,0.000099793,0.000101355,0.182849561,0.094911125,0.0000000000
0.0000000000,0.000102605,0.000068490,0.184298890,0.094972582,0.0000000000
0.0000000000,0.000108178,0.000066771,0.183956901,0.095495030,0.0000000000
0.0000000000,0.000107500,0.000067136,0.184392580,0.094689453,0.0000000000
0.0000000000,0.000106719,0.000067240,0.184399768,0.095353415,0.0000000000
0.0000000000,0.000108021,0.000066876,0.185788366,0.095216795,0.0000000000
0.0000000000,0.000107969,0.000066876,0.185037732,0.094883408,0.0000000000
0.0000000000,0.000108595,0.000066198,0.185244243,0.095201899,0.0000000000
0.0000000000,0.000115834,0.000066823,0.183479755,0.094762522,0.0000000000
0.0000000000,0.000108751,0.000059323,0.183805010,0.094502516,0.0000000000
0.0000000000,0.000108021,0.000058750,0.185001786,0.094060484,0.0000000000
0.0000000000,0.000116407,0.000062344,0.185447882,0.094148869,0.0000000000
0.0000000000,0.000107969,0.000059792,0.184609387,0.094313501,0.0000000000
0.0000000000,0.000107397,0.000066406,0.184914538,0.094861681,0.0000000000
0.0000000000,0.000110678,0.000067813,0.184611828,0.095159442,0.0000000000
0.0000000000,0.000109896,0.000066876,0.183756876,0.095303870,0.0000000000
0.0000000000,0.000109428,0.000066511,0.185389899,0.094880063,0.0000000000
0.0000000000,0.000111824,0.000068750,0.184716040,0.095057043,0.0000000000
0.0000000000,0.000109271,0.000067969,0.184143589,0.095130272,0.0000000000
0.0000000000,0.000108855,0.000068282,0.185005260,0.095388551,0.0000000000
0.0000000000,0.000108907,0.000063698,0.185280565,0.094245004,0.0000000000
0.0000000000,0.000108699,0.000063073,0.185193378,0.094639588,0.0000000000
0.0000000000,0.000111198,0.000063594,0.184561292,0.094626047,0.0000000000
0.0000000000,0.000109480,0.000066042,0.185436916,0.094297447,0.0000000000
0.0000000000,0.000107396,0.000061615,0.184181021,0.093987550,0.0000000000
0.0000000000,0.000106146,0.000060260,0.184653888,0.094788127,0.0000000000
0.0000000000,0.000105313,0.000061094,0.183491904,0.103667540,0.0000000000
0.0000000000,0.000112136,0.000063958,0.185584822,0.095046196,0.0000000000
0.0000000000,0.000109792,0.000063542,0.186171491,0.095312239,0.0000000000
0.0000000000,0.000126095,0.000093959,0.192498394,0.095187552,0.0000000000
0.0000000000,0.000110625,0.000063698,0.185194087,0.095694217,0.0000000000
0.0000000000,0.000108594,0.000065574,0.185114968,0.095117600,0.0000000000
0.0000000000,0.000109167,0.000065052,0.185517834,0.095540778,0.0000000000
0.0000000000,0.000111095,0.000065416,0.185654762,0.094780096,0.0000000000
0.0000000000,0.000108282,0.000068177,0.185844130,0.095454941,0.0000000000
0.0000000000,0.000108386,0.000068282,0.183788652,0.095132647,0.0000000000
0.0000000000,0.000108751,0.000069114,0.185213242,0.095160408,0.0000000000
0.0000000000,0.000108803,0.000068802,0.185272146,0.095528895,0.0000000000
0.0000000000,0.000106667,0.000064740,0.183668696,0.094666860,0.0000000000
0.0000000000,0.000105469,0.000065104,0.184096667,0.094432120,0.0000000000
0.0000000000,0.000103699,0.000065052,0.185890320,0.094280973,0.0000000000
0.0000000000,0.000105104,0.000065313,0.183933117,0.094781648,0.0000000000
0.0000000000,0.000104897,0.000068385,0.184274368,0.095461807,0.0000000000
0.0000000000,0.000107709,0.000068594,0.185645885,0.095040191,0.0000000000
0.0000000000,0.000105521,0.000068595,0.184275826,0.094625081,0.0000000000
0.0000000000,0.000102397,0.000066302,0.183161074,0.094995395,0.0000000000
0.0000000000,0.000099584,0.000066823,0.183874359,0.094766748,0.0000000000
0.0000000000,0.000107240,0.000070052,0.184532799,0.095242792,0.0000000000
0.0000000000,0.000101199,0.000066927,0.183602216,0.095492268,0.0000000000
0.0000000000,0.000113542,0.000065312,0.185295242,0.095410654,0.0000000000
0.0000000000,0.000108646,0.000065157,0.184690812,0.094996485,0.0000000000
0.0000000000,0.000109115,0.000065261,0.183814246,0.095055806,0.0000000000
0.0000000000,0.000107136,0.000067917,0.184249449,0.095322576,0.0000000000
0.0000000000,0.000104584,0.000069271,0.183095902,0.095029763,0.0000000000
0.0000000000,0.000105521,0.000068438,0.183408455,0.095412160,0.0000000000
0.0000000000,0.000106406,0.000069115,0.185264813,0.094719705,0.0000000000
0.0000000000,0.000108594,0.000063386,0.184652515,0.094754758,0.0000000000
0.0000000000,0.000110156,0.000064219,0.183154749,0.094935539,0.0000000000
0.0000000000,0.000108751,0.000063438,0.183662407,0.094368922,0.0000000000
0.0000000000,0.000107605,0.000067448,0.184831623,0.094640013,0.0000000000
0.0000000000,0.000108750,0.000066875,0.185115739,0.094872201,0.0000000000
0.0000000000,0.000107708,0.000066875,0.184145631,0.094875067,0.0000000000
0.0000000000,0.000107240,0.000067136,0.182964583,0.094885895,0.0000000000
0.0000000000,0.000105522,0.000067500,0.185091512,0.095257929,0.0000000000
0.0000000000,0.000105417,0.000066667,0.185855890,0.094899645,0.0000000000
0.0000000000,0.000118230,0.000071199,0.184434010,0.095187043,0.0000000000
0.0000000000,0.000106250,0.000066823,0.183927490,0.094759902,0.0000000000
0.0000000000,0.000105469,0.000066771,0.183495092,0.094918079,0.0000000000
0.0000000000,0.000103126,0.000067292,0.183756655,0.095285684,0.0000000000
0.0000000000,0.000136823,0.000067708,0.184345460,0.095350785,0.0000000000
0.0000000000,0.000109532,0.000067240,0.183481699,0.094937451,0.0000000000
0.0000000000,0.000108073,0.000067501,0.183495032,0.094580418,0.0000000000
0.0000000000,0.000110782,0.000066928,0.184506287,0.094667709,0.0000000000
0.0000000000,0.000109740,0.000067396,0.184186384,0.095247396,0.0000000000
0.0000000000,0.000105782,0.000067552,0.183975495,0.094970415,0.0000000000
0.0000000000,0.000104219,0.000066406,0.183078148,0.097109590,0.0000000000
0.0000000000,0.000106771,0.000068385,0.184390809,0.095265727,0.0000000000
0.0000000000,0.000104897,0.000064636,0.183273818,0.095392340,0.0000000000
0.0000000000,0.000104844,0.000065365,0.182644128,0.094652806,0.0000000000

N=16, M=16, P=6
0.0000000000,0.000119168,0.000073229,0.184501315,0.095341034,0.0000000000
0.0000000000,0.000113073,0.000066042,0.184204803,0.095550514,0.0000000000
0.0000000000,0.000123126,0.000069271,0.183403651,0.095446135,0.0000000000
0.0000000000,0.000107501,0.000068802,0.183549169,0.095489989,0.0000000000
0.0000000000,0.000110365,0.000069636,0.183062553,0.095891032,0.0000000000
0.0000000000,0.000109115,0.000069427,0.184054275,0.095380613,0.0000000000
0.0000000000,0.000108438,0.000067760,0.184674686,0.095449099,0.0000000000
0.0000000000,0.000108906,0.000067969,0.183146555,0.094659565,0.0000000000
0.0000000000,0.000108177,0.000068281,0.183156764,0.095197848,0.0000000000
0.0000000000,0.000110001,0.000066823,0.183073585,0.095379251,0.0000000000
0.0000000000,0.000103906,0.000067188,0.183890352,0.095316490,0.0000000000
0.0000000000,0.000104219,0.000067500,0.183200975,0.094026486,0.0000000000
0.0000000000,0.000103646,0.000068074,0.185127389,0.095569982,0.0000000000
0.0000000000,0.000103126,0.000067761,0.185266393,0.095215549,0.0000000000
0.0000000000,0.000108126,0.000070886,0.184653890,0.095588571,0.0000000000
0.0000000000,0.000109323,0.000070000,0.185237955,0.094943985,0.0000000000
0.0000000000,0.000108802,0.000070417,0.183459823,0.095089294,0.0000000000
0.0000000000,0.000111198,0.000065364,0.184671642,0.095486640,0.0000000000
0.0000000000,0.000109531,0.000065105,0.184879560,0.095572838,0.0000000000
0.0000000000,0.000112969,0.000066042,0.182794917,0.095441900,0.0000000000
0.0000000000,0.000120209,0.000070157,0.184830908,0.095107728,0.0000000000
0.0000000000,0.000110104,0.000068021,0.184668718,0.095158249,0.0000000000
0.0000000000,0.000108803,0.000066511,0.183869549,0.095506740,0.0000000000
0.0000000000,0.000108386,0.000065677,0.184017831,0.094820641,0.0000000000
0.0000000000,0.000104011,0.000069480,0.183383549,0.095338871,0.0000000000
0.0000000000,0.000104948,0.000069063,0.183484852,0.095767674,0.0000000000
0.0000000000,0.000105052,0.000069636,0.184551627,0.094797410,0.0000000000
0.0000000000,0.000105209,0.000068802,0.184408602,0.095674962,0.0000000000
0.0000000000,0.000107136,0.000068855,0.183068750,0.094774230,0.0000000000
0.0000000000,0.000108437,0.000068854,0.184943026,0.094623343,0.0000000000
0.0000000000,0.000108907,0.000068490,0.185536518,0.095237408,0.0000000000
0.0000000000,0.000108177,0.000065678,0.185004166,0.100370390,0.0000000000
0.0000000000,0.000106875,0.000065573,0.184015412,0.094471412,0.0000000000
0.0000000000,0.000105365,0.000065626,0.185962346,0.095252144,0.0000000000
0.0000000000,0.000104688,0.000065573,0.184593641,0.095905319,0.0000000000
0.0000000000,0.000114063,0.000067657,0.186377131,0.095736569,0.0000000000
0.0000000000,0.000109740,0.000068073,0.184384729,0.096507874,0.0000000000
0.0000000000,0.000116563,0.000069010,0.188691566,0.095459433,0.0000000000
0.0000000000,0.000122761,0.000072292,0.184559357,0.095426668,0.0000000000
0.0000000000,0.000107917,0.000071042,0.183834668,0.094833750,0.0000000000
0.0000000000,0.000105053,0.000071251,0.183958262,0.094705780,0.0000000000
0.0000000000,0.000105625,0.000070469,0.182736069,0.095297757,0.0000000000
0.0000000000,0.000108490,0.000068594,0.185679197,0.095041611,0.0000000000
0.0000000000,0.000109324,0.000068698,0.184091848,0.094851975,0.0000000000
0.0000000000,0.000108021,0.000069271,0.184709298,0.095249424,0.0000000000
0.0000000000,0.000107604,0.000069427,0.184025436,0.095424473,0.0000000000
0.0000000000,0.000108646,0.000066355,0.183631683,0.094912388,0.0000000000
0.0000000000,0.000109480,0.000065781,0.182778191,0.095222129,0.0000000000
0.0000000000,0.000112709,0.000067553,0.185882941,0.094342800,0.0000000000
0.0000000000,0.000110157,0.000065365,0.185216160,0.094197538,0.0000000000
0.0000000000,0.000109688,0.000065209,0.186267153,0.094539987,0.0000000000
0.0000000000,0.000110990,0.000065313,0.184055635,0.094856915,0.0000000000
0.0000000000,0.000108126,0.000065729,0.184925374,0.094262326,0.0000000000
0.0000000000,0.000107917,0.000068803,0.183741304,0.095500247,0.0000000000
0.0000000000,0.000109271,0.000069219,0.184610577,0.095734466,0.0000000000
0.0000000000,0.000107709,0.000069219,0.185388392,0.094712535,0.0000000000
0.0000000000,0.000123958,0.000074323,0.185585365,0.095300919,0.0000000000
0.0000000000,0.000111719,0.000068386,0.184931612,0.094921595,0.0000000000
0.0000000000,0.000109792,0.000069583,0.185777761,0.095658889,0.0000000000
0.0000000000,0.000112448,0.000068751,0.185717342,0.095112790,0.0000000000
0.0000000000,0.000111615,0.000064114,0.183192173,0.095200029,0.0000000000
0.0000000000,0.000112396,0.000064531,0.184382958,0.094425756,0.0000000000
0.0000000000,0.000109427,0.000063803,0.184734105,0.094992581,0.0000000000
0.0000000000,0.000111980,0.000064114,0.184726181,0.096002163,0.0000000000
0.0000000000,0.000108386,0.000070885,0.184093835,0.095354245,0.0000000000
0.0000000000,0.000106251,0.000071407,0.182933624,0.095116536,0.0000000000
0.0000000000,0.000106198,0.000070364,0.183481801,0.094795334,0.0000000000
0.0000000000,0.000112656,0.000062135,0.184914351,0.094348769,0.0000000000
0.0000000000,0.000111771,0.000062761,0.184849715,0.093894706,0.0000000000
0.0000000000,0.000109271,0.000062240,0.184796174,0.094039967,0.0000000000
0.0000000000,0.000110052,0.000062448,0.184639605,0.094430537,0.0000000000
0.0000000000,0.000110886,0.000070261,0.184505748,0.095143507,0.0000000000
0.0000000000,0.000111459,0.000071146,0.183675694,0.095637415,0.0000000000
0.0000000000,0.000110834,0.000070886,0.183901997,0.097017469,0.0000000000
0.0000000000,0.000110208,0.000070365,0.183358186,0.095365379,0.0000000000
0.0000000000,0.000107396,0.000070626,0.184701627,0.095185900,0.0000000000
0.0000000000,0.000107188,0.000070261,0.183367249,0.095089754,0.0000000000
0.0000000000,0.000106563,0.000069844,0.185336365,0.095379960,0.0000000000
0.0000000000,0.000111667,0.000064583,0.184673286,0.094554019,0.0000000000
0.0000000000,0.000112188,0.000064011,0.186403292,0.094918708,0.0000000000
0.0000000000,0.000114063,0.000064531,0.183661356,0.094231048,0.0000000000
0.0000000000,0.000102188,0.000067709,0.183628276,0.095379070,0.0000000000
0.0000000000,0.000105209,0.000068385,0.184512237,0.095867300,0.0000000000
0.0000000000,0.000104323,0.000067136,0.184658644,0.095225788,0.0000000000
0.0000000000,0.000101459,0.000067709,0.183962234,0.095099273,0.0000000000
0.0000000000,0.000110522,0.000069323,0.184588323,0.095316409,0.0000000000
0.0000000000,0.000112969,0.000070417,0.183966499,0.096034485,0.0000000000
0.0000000000,0.000112136,0.000069271,0.184772282,0.094289428,0.0000000000
0.0000000000,0.000110469,0.000069896,0.184992380,0.095809741,0.0000000000
0.0000000000,0.000099167,0.000068802,0.183952950,0.095342864,0.0000000000
0.0000000000,0.000101198,0.000069271,0.184415399,0.095421511,0.0000000000
0.0000000000,0.000100625,0.000069219,0.184264252,0.097075991,0.0000000000
0.0000000000,0.000109844,0.000066771,0.183533410,0.095046246,0.0000000000
0.0000000000,0.000107292,0.000066094,0.185926073,0.094911817,0.0000000000
0.0000000000,0.000108230,0.000066511,0.184731174,0.095141454,0.0000000000
0.0000000000,0.000110260,0.000065521,0.183179498,0.094524417,0.0000000000
0.0000000000,0.000110156,0.000071303,0.183786008,0.095597389,0.0000000000
0.0000000000,0.000109687,0.000070937,0.185171585,0.095541399,0.0000000000
0.0000000000,0.000109376,0.000069896,0.184703875,0.094944312,0.0000000000
0.0000000000,0.000107709,0.000071094,0.184608607,0.094796966,0.0000000000

N=16, M=20, P=6
0.0000000000,0.000119323,0.000068750,0.184159745,0.094227743,0.0000000000
0.0000000000,0.000110052,0.000064219,0.183466462,0.094309930,0.0000000000
0.0000000000,0.000109584,0.000063906,0.182902450,0.094746286,0.0000000000
0.0000000000,0.000108646,0.000063542,0.182706352,0.093884457,0.0000000000
0.0000000000,0.000112656,0.000070834,0.185284272,0.095095761,0.0000000000
0.0000000000,0.000111615,0.000071302,0.184176873,0.095278054,0.0000000000
0.0000000000,0.000111979,0.000070469,0.184474790,0.095546439,0.0000000000
0.0000000000,0.000108385,0.000068489,0.186630986,0.095522426,0.0000000000
0.0000000000,0.000109375,0.000068750,0.185612181,0.095437321,0.0000000000
0.0000000000,0.000109740,0.000068334,0.185559057,0.095728780,0.0000000000
0.0000000000,0.000111667,0.000067709,0.185430409,0.095447943,0.0000000000
0.0000000000,0.000100417,0.000066771,0.183346127,0.094909504,0.0000000000
0.0000000000,0.000100521,0.000066875,0.183689358,0.095213983,0.0000000000
0.0000000000,0.000100573,0.000066407,0.183911284,0.094985546,0.0000000000
0.0000000000,0.000102969,0.000066823,0.183943466,0.095161532,0.0000000000
0.0000000000,0.000112136,0.000068073,0.186811337,0.095302938,0.0000000000
0.0000000000,0.000114010,0.000067604,0.185839668,0.095631220,0.0000000000
0.0000000000,0.000111042,0.000066615,0.186204095,0.095514498,0.0000000000
0.0000000000,0.000108646,0.000067083,0.184050281,0.094796840,0.0000000000
0.0000000000,0.000106875,0.000066771,0.184220229,0.094660902,0.0000000000
0.0000000000,0.000107344,0.000067657,0.184851116,0.094985538,0.0000000000
0.0000000000,0.000107917,0.000067396,0.183902567,0.095310223,0.0000000000
0.0000000000,0.000108646,0.000070469,0.185365434,0.095582828,0.0000000000
0.0000000000,0.000110521,0.000070157,0.183683138,0.094990066,0.0000000000
0.0000000000,0.000112449,0.000070209,0.184774183,0.095261886,0.0000000000
0.0000000000,0.000109219,0.000068073,0.184769122,0.094844021,0.0000000000
0.0000000000,0.000115417,0.000070209,0.185837355,0.095376990,0.0000000000
0.0000000000,0.000108854,0.000068750,0.183152505,0.094690374,0.0000000000
0.0000000000,0.000108803,0.000068334,0.185446048,0.095102455,0.0000000000
0.0000000000,0.000109271,0.000065417,0.183902968,0.094773391,0.0000000000
0.0000000000,0.000108542,0.000064740,0.183458749,0.095083132,0.0000000000
0.0000000000,0.000110886,0.000064480,0.183073227,0.095216256,0.0000000000
0.0000000000,0.000111823,0.000066718,0.185324110,0.094351251,0.0000000000
0.0000000000,0.000112344,0.000066250,0.185391974,0.095403754,0.0000000000
0.0000000000,0.000112240,0.000066980,0.185341558,0.094838440,0.0000000000
0.0000000000,0.000111250,0.000066407,0.185514368,0.095315989,0.0000000000
0.0000000000,0.000106719,0.000066406,0.185245717,0.095681251,0.0000000000
0.0000000000,0.000107656,0.000067187,0.184423476,0.095356771,0.0000000000
0.0000000000,0.000106510,0.000067239,0.183585609,0.095756564,0.0000000000
0.0000000000,0.000110000,0.000065417,0.184214406,0.094368849,0.0000000000
0.0000000000,0.000110105,0.000067604,0.183875655,0.094230046,0.0000000000
0.0000000000,0.000110782,0.000065729,0.186524098,0.094606192,0.0000000000
0.0000000000,0.000111615,0.000065156,0.183849144,0.094527231,0.0000000000
0.0000000000,0.000106771,0.000068802,0.184511118,0.095661608,0.0000000000
0.0000000000,0.000113750,0.000070625,0.184908150,0.095537128,0.0000000000
0.0000000000,0.000109375,0.000068386,0.184673931,0.095376035,0.0000000000
0.0000000000,0.000109115,0.000068385,0.183177307,0.095856084,0.0000000000
0.0000000000,0.000111563,0.000068750,0.184202829,0.095499000,0.0000000000
0.0000000000,0.000111980,0.000069063,0.184966320,0.094791082,0.0000000000
0.0000000000,0.000111146,0.000068437,0.183925277,0.095289986,0.0000000000
0.0000000000,0.000105573,0.000068437,0.184364281,0.094606755,0.0000000000
0.0000000000,0.000107396,0.000068906,0.184418499,0.094057482,0.0000000000
0.0000000000,0.000106928,0.000068490,0.184133134,0.095006078,0.0000000000
0.0000000000,0.000105625,0.000068230,0.185041154,0.095138575,0.0000000000
0.0000000000,0.000109271,0.000068125,0.185460630,0.095010762,0.0000000000
0.0000000000,0.000108594,0.000068854,0.184857504,0.095387326,0.0000000000
0.0000000000,0.000115157,0.000068646,0.183538594,0.105234114,0.0000000000
0.0000000000,0.000111823,0.000067709,0.182746347,0.095599822,0.0000000000
0.0000000000,0.000109688,0.000066719,0.185295674,0.095106124,0.0000000000
0.0000000000,0.000107188,0.000066927,0.183953224,0.095267322,0.0000000000
0.0000000000,0.000107448,0.000066823,0.183766398,0.095111693,0.0000000000
0.0000000000,0.000104427,0.000065521,0.183652956,0.094199868,0.0000000000
0.0000000000,0.000105937,0.000065001,0.183357278,0.094762213,0.0000000000
0.0000000000,0.000112187,0.000068073,0.182479934,0.094853932,0.0000000000
0.0000000000,0.000109896,0.000069948,0.184882692,0.095743721,0.0000000000
0.0000000000,0.000109115,0.000069844,0.183934200,0.095367835,0.0000000000
0.0000000000,0.000110677,0.000070157,0.185347171,0.095226690,0.0000000000
0.0000000000,0.000109896,0.000070521,0.184017845,0.095975801,0.0000000000
0.0000000000,0.000108854,0.000069740,0.186637062,0.095496269,0.0000000000
0.0000000000,0.000108646,0.000070521,0.184780079,0.095486270,0.0000000000
0.0000000000,0.000108125,0.000070521,0.184758361,0.095418613,0.0000000000
0.0000000000,0.000109271,0.000070052,0.184389552,0.094820692,0.0000000000
0.0000000000,0.000108282,0.000064896,0.185106740,0.095052411,0.0000000000
0.0000000000,0.000107552,0.000065365,0.185474449,0.094977828,0.0000000000
0.0000000000,0.000109115,0.000065625,0.182301631,0.094719074,0.0000000000
0.0000000000,0.000106562,0.000067344,0.184191002,0.095161158,0.0000000000
0.0000000000,0.000107865,0.000068177,0.183470585,0.094704334,0.0000000000
0.0000000000,0.000106146,0.000067969,0.183614543,0.094579177,0.0000000000
0.0000000000,0.000106719,0.000066823,0.183729331,0.095497404,0.0000000000
0.0000000000,0.000109584,0.000068386,0.184335579,0.095142144,0.0000000000
0.0000000000,0.000111302,0.000067864,0.184117714,0.095211467,0.0000000000
0.0000000000,0.000117865,0.000073386,0.183734015,0.095056412,0.0000000000
0.0000000000,0.000108125,0.000068698,0.186879222,0.095705683,0.0000000000
0.0000000000,0.000107708,0.000069427,0.184446093,0.095760058,0.0000000000
0.0000000000,0.000121042,0.000069062,0.184933490,0.095272661,0.0000000000
0.0000000000,0.000106980,0.000069115,0.186515782,0.094910834,0.0000000000
0.0000000000,0.000105156,0.000065104,0.183034834,0.094653854,0.0000000000
0.0000000000,0.000105782,0.000065261,0.185445515,0.094968230,0.0000000000
0.0000000000,0.000105209,0.000064896,0.183439522,0.095030156,0.0000000000
0.0000000000,0.000108854,0.000070313,0.184091027,0.095224477,0.0000000000
0.0000000000,0.000112031,0.000070573,0.184601496,0.095786926,0.0000000000
0.0000000000,0.000109896,0.000069844,0.185487070,0.095595363,0.0000000000
0.0000000000,0.000109584,0.000070417,0.183002742,0.095757287,0.0000000000
0.0000000000,0.000143647,0.000071875,0.183536019,0.095336608,0.0000000000
0.0000000000,0.000105625,0.000070000,0.186058888,0.095540099,0.0000000000
0.0000000000,0.000105260,0.000069792,0.184768052,0.095783745,0.0000000000
0.0000000000,0.000106667,0.000070313,0.182992679,0.095142126,0.0000000000
0.0000000000,0.000110209,0.000070417,0.185193671,0.095141397,0.0000000000
0.0000000000,0.000110573,0.000069896,0.185039712,0.095631085,0.0000000000
0.0000000000,0.000129948,0.000080365,0.190238470,0.094705820,0.0000000000
